k	t	BUS__DEM_LAB	BUS__F	BUS__INC	BUS__LAG_F	BUS__PROF	BUS__SUP_GOOD	GOOD__DEM_GOOD	GOOD__SUP_BUS	GOOD__SUP_GOOD	GOV__DEM_GOOD	GOV__F	GOV__FISC_BAL	GOV__INC	GOV__LAG_F	GOV__PRIM_BAL	GOV__T	HH__AfterTax	HH__AlphaFin	HH__AlphaIncome	HH__DEM_GOOD	HH__EXP_AfterTax	HH__F	HH__INC	HH__LAG_AfterTax	HH__LAG_F	HH__SUP_LAB	HH__T	LAB__DEM_LAB	LAB__SUP_HH	LAB__SUP_LAB	TF__T	TF__TaxRate
0	0	0	0	0	0	0	0	0	0	0	0	0	0	0	0	0	0	16	0.4	0.6	0	0	0	0	0	0	0	0	0	0	0	0	0.2
1	1	29.6	0	0	0	0	29.6	29.6	29.6	29.6	20	-14.08	-14.08	-14.08	0	-14.08	5.92	23.68	0.4	0.6	9.6	16	14.08	29.6	16	0	29.6	5.92	29.6	29.6	29.6	5.92	0.2
2	2	39.84	0	0	0	0	39.84	39.84	39.84	39.84	20	-26.112	-12.032	-12.032	-14.08	-12.032	7.968	31.872	0.4	0.6	19.84	23.68	26.112	39.84	23.68	14.08	39.84	7.968	39.84	39.84	39.84	7.968	0.2
3	3	49.568	0	0	0	0	49.568	49.568	49.568	49.568	20	-36.198	-10.086	-10.086	-26.112	-10.086	9.9136	39.654	0.4	0.6	29.568	31.872	36.198	49.568	31.872	26.112	49.568	9.9136	49.568	49.568	49.568	9.9136	0.2
4	4	58.272	0	0	0	0	58.272	58.272	58.272	58.272	20	-44.544	-8.3456	-8.3456	-36.198	-8.3456	11.654	46.618	0.4	0.6	38.272	39.654	44.544	58.272	39.654	36.198	58.272	11.654	58.272	58.272	58.272	11.654	0.2
5	5	65.788	0	0	0	0	65.788	65.788	65.788	65.788	20	-51.386	-6.8424	-6.8424	-44.544	-6.8424	13.158	52.631	0.4	0.6	45.788	46.618	51.386	65.788	46.618	44.544	65.788	13.158	65.788	65.788	65.788	13.158	0.2
6	6	72.133	0	0	0	0	72.133	72.133	72.133	72.133	20	-56.96	-5.5734	-5.5734	-51.386	-5.5734	14.427	57.706	0.4	0.6	52.133	52.631	56.96	72.133	52.631	51.386	72.133	14.427	72.133	72.133	72.133	14.427	0.2
7	7	77.408	0	0	0	0	77.408	77.408	77.408	77.408	20	-61.478	-4.5185	-4.5185	-56.96	-4.5185	15.482	61.926	0.4	0.6	57.408	57.706	61.478	77.408	57.706	56.96	77.408	15.482	77.408	77.408	77.408	15.482	0.2
8	8	81.747	0	0	0	0	81.747	81.747	81.747	81.747	20	-65.129	-3.6506	-3.6506	-61.478	-3.6506	16.349	65.398	0.4	0.6	61.747	61.926	65.129	81.747	61.926	61.478	81.747	16.349	81.747	81.747	81.747	16.349	0.2
9	9	85.29	0	0	0	0	85.29	85.29	85.29	85.29	20	-68.071	-2.942	-2.942	-65.129	-2.942	17.058	68.232	0.4	0.6	65.29	65.398	68.071	85.29	65.398	65.129	85.29	17.058	85.29	85.29	85.29	17.058	0.2
10	10	88.168	0	0	0	0	88.168	88.168	88.168	88.168	20	-70.437	-2.3665	-2.3665	-68.071	-2.3665	17.634	70.534	0.4	0.6	68.168	68.232	70.437	88.168	68.232	68.071	88.168	17.634	88.168	88.168	88.168	17.634	0.2
11	11	90.495	0	0	0	0	90.495	90.495	90.495	90.495	20	-72.338	-1.9009	-1.9009	-70.437	-1.9009	18.099	72.396	0.4	0.6	70.495	70.534	72.338	90.495	70.534	70.437	90.495	18.099	90.495	90.495	90.495	18.099	0.2
12	12	92.373	0	0	0	0	92.373	92.373	92.373	92.373	20	-73.864	-1.5254	-1.5254	-72.338	-1.5254	18.475	73.898	0.4	0.6	72.373	72.396	73.864	92.373	72.396	72.338	92.373	18.475	92.373	92.373	92.373	18.475	0.2
13	13	93.885	0	0	0	0	93.885	93.885	93.885	93.885	20	-75.087	-1.2231	-1.2231	-73.864	-1.2231	18.777	75.108	0.4	0.6	73.885	73.898	75.087	93.885	73.898	73.864	93.885	18.777	93.885	93.885	93.885	18.777	0.2
14	14	95.099	0	0	0	0	95.099	95.099	95.099	95.099	20	-76.067	-0.98015	-0.98015	-75.087	-0.98015	19.02	76.079	0.4	0.6	75.099	75.108	76.067	95.099	75.108	75.087	95.099	19.02	95.099	95.099	95.099	19.02	0.2
15	15	96.074	0	0	0	0	96.074	96.074	96.074	96.074	20	-76.852	-0.78512	-0.78512	-76.067	-0.78512	19.215	76.86	0.4	0.6	76.074	76.079	76.852	96.074	76.079	76.067	96.074	19.215	96.074	96.074	96.074	19.215	0.2
16	16	96.857	0	0	0	0	96.857	96.857	96.857	96.857	20	-77.481	-0.6287	-0.6287	-76.852	-0.6287	19.371	77.485	0.4	0.6	76.857	76.86	77.481	96.857	76.86	76.852	96.857	19.371	96.857	96.857	96.857	19.371	0.2
17	17	97.483	0	0	0	0	97.483	97.483	97.483	97.483	20	-77.984	-0.50332	-0.50332	-77.481	-0.50332	19.497	77.987	0.4	0.6	77.483	77.485	77.984	97.483	77.485	77.481	97.483	19.497	97.483	97.483	97.483	19.497	0.2
18	18	97.986	0	0	0	0	97.986	97.986	97.986	97.986	20	-78.387	-0.40287	-0.40287	-77.984	-0.40287	19.597	78.389	0.4	0.6	77.986	77.987	78.387	97.986	77.987	77.984	97.986	19.597	97.986	97.986	97.986	19.597	0.2
19	19	98.388	0	0	0	0	98.388	98.388	98.388	98.388	20	-78.709	-0.32243	-0.32243	-78.387	-0.32243	19.678	78.71	0.4	0.6	78.388	78.389	78.709	98.388	78.389	78.387	98.388	19.678	98.388	98.388	98.388	19.678	0.2
20	20	98.71	0	0	0	0	98.71	98.71	98.71	98.71	20	-78.967	-0.25802	-0.25802	-78.709	-0.25802	19.742	78.968	0.4	0.6	78.71	78.71	78.967	98.71	78.71	78.709	98.71	19.742	98.71	98.71	98.71	19.742	0.2
21	21	98.968	0	0	0	0	98.968	98.968	98.968	98.968	20	-79.174	-0.20646	-0.20646	-78.967	-0.20646	19.794	79.174	0.4	0.6	78.968	78.968	79.174	98.968	78.968	78.967	98.968	19.794	98.968	98.968	98.968	19.794	0.2
22	22	99.174	0	0	0	0	99.174	99.174	99.174	99.174	20	-79.339	-0.1652	-0.1652	-79.174	-0.1652	19.835	79.339	0.4	0.6	79.174	79.174	79.339	99.174	79.174	79.174	99.174	19.835	99.174	99.174	99.174	19.835	0.2
23	23	99.339	0	0	0	0	99.339	99.339	99.339	99.339	20	-79.471	-0.13218	-0.13218	-79.339	-0.13218	19.868	79.471	0.4	0.6	79.339	79.339	79.471	99.339	79.339	79.339	99.339	19.868	99.339	99.339	99.339	19.868	0.2
24	24	99.471	0	0	0	0	99.471	99.471	99.471	99.471	20	-79.577	-0.10575	-0.10575	-79.471	-0.10575	19.894	79.577	0.4	0.6	79.471	79.471	79.577	99.471	79.471	79.471	99.471	19.894	99.471	99.471	99.471	19.894	0.2
25	25	99.577	0	0	0	0	99.577	99.577	99.577	99.577	20	-79.662	-0.084607	-0.084607	-79.577	-0.084607	19.915	79.662	0.4	0.6	79.577	79.577	79.662	99.577	79.577	79.577	99.577	19.915	99.577	99.577	99.577	19.915	0.2
26	26	99.662	0	0	0	0	99.662	99.662	99.662	99.662	20	-79.729	-0.067689	-0.067689	-79.662	-0.067689	19.932	79.729	0.4	0.6	79.662	79.662	79.729	99.662	79.662	79.662	99.662	19.932	99.662	99.662	99.662	19.932	0.2
27	27	99.729	0	0	0	0	99.729	99.729	99.729	99.729	20	-79.783	-0.054153	-0.054153	-79.729	-0.054153	19.946	79.783	0.4	0.6	79.729	79.729	79.783	99.729	79.729	79.729	99.729	19.946	99.729	99.729	99.729	19.946	0.2
28	28	99.783	0	0	0	0	99.783	99.783	99.783	99.783	20	-79.827	-0.043324	-0.043324	-79.783	-0.043324	19.957	79.827	0.4	0.6	79.783	79.783	79.827	99.783	79.783	79.783	99.783	19.957	99.783	99.783	99.783	19.957	0.2
29	29	99.827	0	0	0	0	99.827	99.827	99.827	99.827	20	-79.861	-0.03466	-0.03466	-79.827	-0.03466	19.965	79.861	0.4	0.6	79.827	79.827	79.861	99.827	79.827	79.827	99.827	19.965	99.827	99.827	99.827	19.965	0.2
30	30	99.861	0	0	0	0	99.861	99.861	99.861	99.861	20	-79.889	-0.027728	-0.027728	-79.861	-0.027728	19.972	79.889	0.4	0.6	79.861	79.861	79.889	99.861	79.861	79.861	99.861	19.972	99.861	99.861	99.861	19.972	0.2
31	31	99.889	0	0	0	0	99.889	99.889	99.889	99.889	20	-79.911	-0.022183	-0.022183	-79.889	-0.022183	19.978	79.911	0.4	0.6	79.889	79.889	79.911	99.889	79.889	79.889	99.889	19.978	99.889	99.889	99.889	19.978	0.2
32	32	99.911	0	0	0	0	99.911	99.911	99.911	99.911	20	-79.929	-0.017747	-0.017747	-79.911	-0.017747	19.982	79.929	0.4	0.6	79.911	79.911	79.929	99.911	79.911	79.911	99.911	19.982	99.911	99.911	99.911	19.982	0.2
33	33	99.929	0	0	0	0	99.929	99.929	99.929	99.929	20	-79.943	-0.014197	-0.014197	-79.929	-0.014197	19.986	79.943	0.4	0.6	79.929	79.929	79.943	99.929	79.929	79.929	99.929	19.986	99.929	99.929	99.929	19.986	0.2
34	34	99.943	0	0	0	0	99.943	99.943	99.943	99.943	20	-79.955	-0.011358	-0.011358	-79.943	-0.011358	19.989	79.955	0.4	0.6	79.943	79.943	79.955	99.943	79.943	79.943	99.943	19.989	99.943	99.943	99.943	19.989	0.2
35	35	99.955	0	0	0	0	99.955	99.955	99.955	99.955	20	-79.964	-0.0090864	-0.0090864	-79.955	-0.0090864	19.991	79.964	0.4	0.6	79.955	79.955	79.964	99.955	79.955	79.955	99.955	19.991	99.955	99.955	99.955	19.991	0.2
36	36	99.964	0	0	0	0	99.964	99.964	99.964	99.964	20	-79.971	-0.0072691	-0.0072691	-79.964	-0.0072691	19.993	79.971	0.4	0.6	79.964	79.964	79.971	99.964	79.964	79.964	99.964	19.993	99.964	99.964	99.964	19.993	0.2
37	37	99.971	0	0	0	0	99.971	99.971	99.971	99.971	20	-79.977	-0.0058153	-0.0058153	-79.971	-0.0058153	19.994	79.977	0.4	0.6	79.971	79.971	79.977	99.971	79.971	79.971	99.971	19.994	99.971	99.971	99.971	19.994	0.2
38	38	99.977	0	0	0	0	99.977	99.977	99.977	99.977	20	-79.981	-0.0046523	-0.0046523	-79.977	-0.0046523	19.995	79.981	0.4	0.6	79.977	79.977	79.981	99.977	79.977	79.977	99.977	19.995	99.977	99.977	99.977	19.995	0.2
39	39	99.981	0	0	0	0	99.981	99.981	99.981	99.981	20	-79.985	-0.0037218	-0.0037218	-79.981	-0.0037218	19.996	79.985	0.4	0.6	79.981	79.981	79.985	99.981	79.981	79.981	99.981	19.996	99.981	99.981	99.981	19.996	0.2
40	40	99.985	0	0	0	0	99.985	99.985	99.985	99.985	20	-79.988	-0.0029775	-0.0029775	-79.985	-0.0029775	19.997	79.988	0.4	0.6	79.985	79.985	79.988	99.985	79.985	79.985	99.985	19.997	99.985	99.985	99.985	19.997	0.2
41	41	99.988	0	0	0	0	99.988	99.988	99.988	99.988	20	-79.99	-0.002382	-0.002382	-79.988	-0.002382	19.998	79.99	0.4	0.6	79.988	79.988	79.99	99.988	79.988	79.988	99.988	19.998	99.988	99.988	99.988	19.998	0.2
42	42	99.99	0	0	0	0	99.99	99.99	99.99	99.99	20	-79.992	-0.0019056	-0.0019056	-79.99	-0.0019056	19.998	79.992	0.4	0.6	79.99	79.99	79.992	99.99	79.99	79.99	99.99	19.998	99.99	99.99	99.99	19.998	0.2
43	43	99.992	0	0	0	0	99.992	99.992	99.992	99.992	20	-79.994	-0.0015245	-0.0015245	-79.992	-0.0015245	19.998	79.994	0.4	0.6	79.992	79.992	79.994	99.992	79.992	79.992	99.992	19.998	99.992	99.992	99.992	19.998	0.2
44	44	99.994	0	0	0	0	99.994	99.994	99.994	99.994	20	-79.995	-0.0012196	-0.0012196	-79.994	-0.0012196	19.999	79.995	0.4	0.6	79.994	79.994	79.995	99.994	79.994	79.994	99.994	19.999	99.994	99.994	99.994	19.999	0.2
45	45	99.995	0	0	0	0	99.995	99.995	99.995	99.995	20	-79.996	-0.00097566	-0.00097566	-79.995	-0.00097566	19.999	79.996	0.4	0.6	79.995	79.995	79.996	99.995	79.995	79.995	99.995	19.999	99.995	99.995	99.995	19.999	0.2
46	46	99.996	0	0	0	0	99.996	99.996	99.996	99.996	20	-79.997	-0.00078053	-0.00078053	-79.996	-0.00078053	19.999	79.997	0.4	0.6	79.996	79.996	79.997	99.996	79.996	79.996	99.996	19.999	99.996	99.996	99.996	19.999	0.2
47	47	99.997	0	0	0	0	99.997	99.997	99.997	99.997	20	-79.998	-0.00062442	-0.00062442	-79.997	-0.00062442	19.999	79.998	0.4	0.6	79.997	79.997	79.998	99.997	79.997	79.997	99.997	19.999	99.997	99.997	99.997	19.999	0.2
48	48	99.998	0	0	0	0	99.998	99.998	99.998	99.998	20	-79.998	-0.00049954	-0.00049954	-79.998	-0.00049954	20	79.998	0.4	0.6	79.998	79.998	79.998	99.998	79.998	79.998	99.998	20	99.998	99.998	99.998	20	0.2
49	49	99.998	0	0	0	0	99.998	99.998	99.998	99.998	20	-79.998	-0.00039963	-0.00039963	-79.998	-0.00039963	20	79.998	0.4	0.6	79.998	79.998	79.998	99.998	79.998	79.998	99.998	20	99.998	99.998	99.998	20	0.2
50	50	99.998	0	0	0	0	99.998	99.998	99.998	99.998	20	-79.999	-0.0003197	-0.0003197	-79.998	-0.0003197	20	79.999	0.4	0.6	79.998	79.998	79.999	99.998	79.998	79.998	99.998	20	99.998	99.998	99.998	20	0.2
51	51	99.999	0	0	0	0	99.999	99.999	99.999	99.999	20	-79.999	-0.00025576	-0.00025576	-79.999	-0.00025576	20	79.999	0.4	0.6	79.999	79.999	79.999	99.999	79.999	79.999	99.999	20	99.999	99.999	99.999	20	0.2
52	52	99.999	0	0	0	0	99.999	99.999	99.999	99.999	20	-79.999	-0.00020461	-0.00020461	-79.999	-0.00020461	20	79.999	0.4	0.6	79.999	79.999	79.999	99.999	79.999	79.999	99.999	20	99.999	99.999	99.999	20	0.2
53	53	99.999	0	0	0	0	99.999	99.999	99.999	99.999	20	-79.999	-0.00016369	-0.00016369	-79.999	-0.00016369	20	79.999	0.4	0.6	79.999	79.999	79.999	99.999	79.999	79.999	99.999	20	99.999	99.999	99.999	20	0.2
54	54	99.999	0	0	0	0	99.999	99.999	99.999	99.999	20	-79.999	-0.00013095	-0.00013095	-79.999	-0.00013095	20	79.999	0.4	0.6	79.999	79.999	79.999	99.999	79.999	79.999	99.999	20	99.999	99.999	99.999	20	0.2
55	55	99.999	0	0	0	0	99.999	99.999	99.999	99.999	20	-80	-0.00010476	-0.00010476	-79.999	-0.00010476	20	80	0.4	0.6	79.999	79.999	80	99.999	79.999	79.999	99.999	20	99.999	99.999	99.999	20	0.2
56	56	100	0	0	0	0	100	100	100	100	20	-80	-8.3808e-05	-8.3808e-05	-80	-8.3808e-05	20	80	0.4	0.6	80	80	80	100	80	80	100	20	100	100	100	20	0.2
57	57	100	0	0	0	0	100	100	100	100	20	-80	-6.7047e-05	-6.7047e-05	-80	-6.7047e-05	20	80	0.4	0.6	80	80	80	100	80	80	100	20	100	100	100	20	0.2
58	58	100	0	0	0	0	100	100	100	100	20	-80	-5.3637e-05	-5.3637e-05	-80	-5.3637e-05	20	80	0.4	0.6	80	80	80	100	80	80	100	20	100	100	100	20	0.2
59	59	100	0	0	0	0	100	100	100	100	20	-80	-4.291e-05	-4.291e-05	-80	-4.291e-05	20	80	0.4	0.6	80	80	80	100	80	80	100	20	100	100	100	20	0.2
60	60	100	0	0	0	0	100	100	100	100	20	-80	-3.4328e-05	-3.4328e-05	-80	-3.4328e-05	20	80	0.4	0.6	80	80	80	100	80	80	100	20	100	100	100	20	0.2
61	61	100	0	0	0	0	100	100	100	100	20	-80	-2.7462e-05	-2.7462e-05	-80	-2.7462e-05	20	80	0.4	0.6	80	80	80	100	80	80	100	20	100	100	100	20	0.2
62	62	100	0	0	0	0	100	100	100	100	20	-80	-2.197e-05	-2.197e-05	-80	-2.197e-05	20	80	0.4	0.6	80	80	80	100	80	80	100	20	100	100	100	20	0.2
63	63	100	0	0	0	0	100	100	100	100	20	-80	-1.7576e-05	-1.7576e-05	-80	-1.7576e-05	20	80	0.4	0.6	80	80	80	100	80	80	100	20	100	100	100	20	0.2
64	64	100	0	0	0	0	100	100	100	100	20	-80	-1.4061e-05	-1.4061e-05	-80	-1.4061e-05	20	80	0.4	0.6	80	80	80	100	80	80	100	20	100	100	100	20	0.2
65	65	100	0	0	0	0	100	100	100	100	20	-80	-1.1249e-05	-1.1249e-05	-80	-1.1249e-05	20	80	0.4	0.6	80	80	80	100	80	80	100	20	100	100	100	20	0.2
66	66	100	0	0	0	0	100	100	100	100	20	-80	-8.9989e-06	-8.9989e-06	-80	-8.9989e-06	20	80	0.4	0.6	80	80	80	100	80	80	100	20	100	100	100	20	0.2
67	67	100	0	0	0	0	100	100	100	100	20	-80	-7.1991e-06	-7.1991e-06	-80	-7.1991e-06	20	80	0.4	0.6	80	80	80	100	80	80	100	20	100	100	100	20	0.2
68	68	100	0	0	0	0	100	100	100	100	20	-80	-5.7593e-06	-5.7593e-06	-80	-5.7593e-06	20	80	0.4	0.6	80	80	80	100	80	80	100	20	100	100	100	20	0.2
69	69	100	0	0	0	0	100	100	100	100	20	-80	-4.6074e-06	-4.6074e-06	-80	-4.6074e-06	20	80	0.4	0.6	80	80	80	100	80	80	100	20	100	100	100	20	0.2
70	70	100	0	0	0	0	100	100	100	100	20	-80	-3.6859e-06	-3.6859e-06	-80	-3.6859e-06	20	80	0.4	0.6	80	80	80	100	80	80	100	20	100	100	100	20	0.2
71	71	100	0	0	0	0	100	100	100	100	20	-80	-2.9487e-06	-2.9487e-06	-80	-2.9487e-06	20	80	0.4	0.6	80	80	80	100	80	80	100	20	100	100	100	20	0.2
72	72	100	0	0	0	0	100	100	100	100	20	-80	-2.359e-06	-2.359e-06	-80	-2.359e-06	20	80	0.4	0.6	80	80	80	100	80	80	100	20	100	100	100	20	0.2
73	73	100	0	0	0	0	100	100	100	100	20	-80	-1.8872e-06	-1.8872e-06	-80	-1.8872e-06	20	80	0.4	0.6	80	80	80	100	80	80	100	20	100	100	100	20	0.2
74	74	100	0	0	0	0	100	100	100	100	20	-80	-1.5098e-06	-1.5098e-06	-80	-1.5098e-06	20	80	0.4	0.6	80	80	80	100	80	80	100	20	100	100	100	20	0.2
75	75	100	0	0	0	0	100	100	100	100	20	-80	-1.2078e-06	-1.2078e-06	-80	-1.2078e-06	20	80	0.4	0.6	80	80	80	100	80	80	100	20	100	100	100	20	0.2
76	76	100	0	0	0	0	100	100	100	100	20	-80	-9.6624e-07	-9.6624e-07	-80	-9.6624e-07	20	80	0.4	0.6	80	80	80	100	80	80	100	20	100	100	100	20	0.2
77	77	100	0	0	0	0	100	100	100	100	20	-80	-9.6624e-07	-9.6624e-07	-80	-9.6624e-07	20	80	0.4	0.6	80	80	80	100	80	80	100	20	100	100	100	20	0.2
78	78	100	0	0	0	0	100	100	100	100	20	-80	-7.73e-07	-7.73e-07	-80	-7.73e-07	20	80	0.4	0.6	80	80	80	100	80	80	100	20	100	100	100	20	0.2
79	79	100	0	0	0	0	100	100	100	100	20	-80	-7.73e-07	-7.73e-07	-80	-7.73e-07	20	80	0.4	0.6	80	80	80	100	80	80	100	20	100	100	100	20	0.2
80	80	100	0	0	0	0	100	100	100	100	20	-80	-6.184e-07	-6.184e-07	-80	-6.184e-07	20	80	0.4	0.6	80	80	80	100	80	80	100	20	100	100	100	20	0.2
81	81	100	0	0	0	0	100	100	100	100	20	-80	-6.184e-07	-6.184e-07	-80	-6.184e-07	20	80	0.4	0.6	80	80	80	100	80	80	100	20	100	100	100	20	0.2
82	82	100	0	0	0	0	100	100	100	100	20	-80	-4.9472e-07	-4.9472e-07	-80	-4.9472e-07	20	80	0.4	0.6	80	80	80	100	80	80	100	20	100	100	100	20	0.2
83	83	100	0	0	0	0	100	100	100	100	20	-80	-4.9472e-07	-4.9472e-07	-80	-4.9472e-07	20	80	0.4	0.6	80	80	80	100	80	80	100	20	100	100	100	20	0.2
84	84	100	0	0	0	0	100	100	100	100	20	-80	-4.9472e-07	-4.9472e-07	-80	-4.9472e-07	20	80	0.4	0.6	80	80	80	100	80	80	100	20	100	100	100	20	0.2
85	85	100	0	0	0	0	100	100	100	100	20	-80	-3.9577e-07	-3.9577e-07	-80	-3.9577e-07	20	80	0.4	0.6	80	80	80	100	80	80	100	20	100	100	100	20	0.2
86	86	100	0	0	0	0	100	100	100	100	20	-80	-3.9577e-07	-3.9577e-07	-80	-3.9577e-07	20	80	0.4	0.6	80	80	80	100	80	80	100	20	100	100	100	20	0.2
87	87	100	0	0	0	0	100	100	100	100	20	-80	-3.9577e-07	-3.9577e-07	-80	-3.9577e-07	20	80	0.4	0.6	80	80	80	100	80	80	100	20	100	100	100	20	0.2
88	88	100	0	0	0	0	100	100	100	100	20	-80	-3.1662e-07	-3.1662e-07	-80	-3.1662e-07	20	80	0.4	0.6	80	80	80	100	80	80	100	20	100	100	100	20	0.2
89	89	100	0	0	0	0	100	100	100	100	20	-80	-3.1662e-07	-3.1662e-07	-80	-3.1662e-07	20	80	0.4	0.6	80	80	80	100	80	80	100	20	100	100	100	20	0.2
90	90	100	0	0	0	0	100	100	100	100	20	-80	-3.1662e-07	-3.1662e-07	-80	-3.1662e-07	20	80	0.4	0.6	80	80	80	100	80	80	100	20	100	100	100	20	0.2
91	91	100	0	0	0	0	100	100	100	100	20	-80	-3.1662e-07	-3.1662e-07	-80	-3.1662e-07	20	80	0.4	0.6	80	80	80	100	80	80	100	20	100	100	100	20	0.2
92	92	100	0	0	0	0	100	100	100	100	20	-80	-2.533e-07	-2.533e-07	-80	-2.2797e-07	20	80	0.4	0.6	80	80	80	100	80	80	100	20	100	100	100	20	0.2
93	93	100	0	0	0	0	100	100	100	100	20	-80	-2.2797e-07	-2.2797e-07	-80	-2.2797e-07	20	80	0.4	0.6	80	80	80	100	80	80	100	20	100	100	100	20	0.2
94	94	100	0	0	0	0	100	100	100	100	20	-80	-2.2797e-07	-2.2797e-07	-80	-2.381e-07	20	80	0.4	0.6	80	80	80	100	80	80	100	20	100	100	100	20	0.2
95	95	100	0	0	0	0	100	100	100	100	20	-80	-2.381e-07	-2.381e-07	-80	-2.381e-07	20	80	0.4	0.6	80	80	80	100	80	80	100	20	100	100	100	20	0.2
96	96	100	0	0	0	0	100	100	100	100	20	-80	-1.6819e-07	-1.6819e-07	-80	-1.4894e-07	20	80	0.4	0.6	80	80	80	100	80	80	100	20	100	100	100	20	0.2
97	97	100	0	0	0	0	100	100	100	100	20	-80	-1.4894e-07	-1.4894e-07	-80	-1.6474e-07	20	80	0.4	0.6	80	80	80	100	80	80	100	20	100	100	100	20	0.2
98	98	100	0	0	0	0	100	100	100	100	20	-80	-1.6474e-07	-1.6474e-07	-80	-1.8014e-07	20	80	0.4	0.6	80	80	80	100	80	80	100	20	100	100	100	20	0.2
99	99	100	0	0	0	0	100	100	100	100	20	-80	-1.8014e-07	-1.8014e-07	-80	-1.8014e-07	20	80	0.4	0.6	80	80	80	100	80	80	100	20	100	100	100	20	0.2
100	100	100	0	0	0	0	100	100	100	100	20	-80	-1.091e-07	-1.091e-07	-80	-1.0282e-07	20	80	0.4	0.6	80	80	80	100	80	80	100	20	100	100	100	20	0.2
